0 0.00 5.00
401 0.20 4.80
803 0.39 4.61
1205 0.57 4.43
1607 0.74 4.26
2010 0.91 4.09
2412 1.07 3.93
2813 1.23 3.77
3216 1.37 3.63
3618 1.52 3.48
4021 1.66 3.34
4423 1.79 3.21
4825 1.92 3.08
5227 2.03 2.97
5629 2.15 2.85
6032 2.26 2.74
6434 2.37 2.63
6836 2.48 2.52
7238 2.58 2.42
7641 2.67 2.33
8043 2.76 2.24
8445 2.85 2.15
8847 2.94 2.06
9249 3.02 1.98
9652 3.09 1.91
10054 3.17 1.83
10457 3.24 1.76
10859 3.31 1.69
11260 3.38 1.62
11663 3.44 1.56
12065 3.50 1.50
12468 3.56 1.44
12870 3.62 1.38
13273 3.68 1.32
13675 3.72 1.28
14077 3.78 1.22
14480 3.83 1.17
14882 3.87 1.13
15285 3.91 1.09
15686 3.96 1.04
16089 4.00 1.00
16491 4.04 0.96
16893 4.08 0.92
17296 4.12 0.88
17698 4.15 0.85
18101 4.18 0.82
18503 4.21 0.79
18906 4.25 0.75
19308 4.28 0.72
19709 4.30 0.70
20112 4.33 0.67
20514 4.36 0.64
20917 4.38 0.62
21319 4.41 0.59
21722 4.43 0.57
22124 4.45 0.55
22526 4.47 0.53
22929 4.50 0.50
23331 4.52 0.48
23733 4.54 0.46
24135 4.55 0.45
24538 4.57 0.43
24940 4.59 0.41
25342 4.60 0.40
25745 4.62 0.38
26147 4.63 0.37
26550 4.65 0.35
26952 4.66 0.34
27355 4.68 0.32
27757 4.69 0.31
28158 4.70 0.30
28561 4.71 0.29
28963 4.73 0.27
29366 4.74 0.26
29768 4.75 0.25
30171 4.76 0.24
30573 4.77 0.23
30976 4.78 0.22
31378 4.78 0.22
31780 4.79 0.21
32182 4.80 0.20
32584 4.81 0.19
32987 4.81 0.19
33389 4.82 0.18
33792 4.83 0.17
34194 4.84 0.16
34596 4.84 0.16
34999 4.85 0.15
35401 4.85 0.15
35804 4.86 0.14
36206 4.87 0.13
36608 4.87 0.13
37010 4.88 0.12
37412 4.88 0.12
37815 4.89 0.11
38217 4.89 0.11
38620 4.90 0.10
39022 4.90 0.10
39425 4.90 0.10
39827 4.91 0.09
40229 4.91 0.09
40631 4.91 0.09
41033 4.92 0.08
41436 4.92 0.08
41838 4.92 0.08
42241 4.93 0.07
42643 4.93 0.07
43045 4.93 0.07
43448 4.94 0.06
43850 4.94 0.06
44253 4.94 0.06
44654 4.94 0.06
45057 4.95 0.05
45459 4.95 0.05
45861 4.95 0.05
46264 4.95 0.05
46666 4.95 0.05
47069 4.96 0.04
47471 4.96 0.04
47874 4.96 0.04
48276 4.96 0.04
48678 4.96 0.04
49080 4.96 0.04
49482 4.97 0.03
49885 4.97 0.03
50287 4.97 0.03
50690 4.97 0.03
51092 4.97 0.03
51494 4.97 0.03
51897 4.97 0.03
52299 4.98 0.02
52701 4.98 0.02
53103 4.98 0.02
53506 4.98 0.02
53908 4.98 0.02
54310 4.98 0.02
54713 4.98 0.02
55115 4.98 0.02
55518 4.98 0.02
55920 4.98 0.02
56323 4.98 0.02
56724 4.98 0.02
57126 4.99 0.01
57529 4.99 0.01
57931 4.99 0.01
58334 4.99 0.01
58736 4.99 0.01
59139 4.99 0.01
59541 4.99 0.01
59943 4.99 0.01
60346 4.99 0.01
60747 4.99 0.01
61150 4.99 0.01
61552 4.99 0.01
61955 4.99 0.01
62357 4.99 0.01
62759 4.99 0.01
63162 4.99 0.01
63564 4.99 0.01
63967 4.99 0.01
64368 4.99 0.01
64771 4.99 0.01
65173 4.99 0.01
65575 5.00 0.00
65978 5.00 0.00